20170123|shag|0|3.571|2.36|6.16|61.0|4102.0|0|0 |0|0
20170124|shag|0|3.414|2.017|4.55|67.0|4128.5|10|-191.931254647 |6|-206.758752788
20170125|shag|0|10000|0|-68.73|71.0|4117.5|0|0 |0|0
20170126|shag|0|10000|0|-69.5|75.0|4074.5|0|0 |0|0
20170203|shag|0|10000|0|-69.35|76.0|4024.5|0|0 |0|0
20170206|shag|0|10000|0|-68.55|78.0|4094.5|0|0 |0|0
20170207|shag|0|10000|0|-68.09|81.0|4150.5|0|0 |0|0
20170208|shag|0|10000|0|-68.08|85.0|4162.5|no result
20170123|shau|0|3.439|2.29|11.37|45.0|5428.5|2|-0.863277721621 |2|0.136722278379
20170124|shau|0|3.428|2.29|11.2|45.0|5455.5|38|-1512.88911195 |43|-1740.04557405
20170125|shau|0|10000|0|-75.86|89.0|5447.5|0|0 |0|0
20170126|shau|0|10000|0|-75.47|88.0|5392.5|0|0 |0|0
20170203|shau|0|10000|0|-75.49|87.0|5351.5|0|0 |0|0
20170206|shau|0|10000|0|-74.89|85.0|5431.5|0|0 |0|0
20170207|shau|0|10000|0|-74.64|85.0|5486.5|0|0 |0|0
20170208|shau|0|10000|0|-73.99|85.0|5529.5|no result
20170123|shal|0|3.516|2.069|7.19|35.0|2667.5|3|20.3132685554 |4|26.4176914072
20170124|shal|0|3.353|1.777|9.99|34.0|2738.5|39|-919.409568127 |20|-570.402342629
20170125|shal|0|10000|0|-55.1|39.0|2745.5|0|0 |0|0
20170126|shal|0|10000|0|-54.08|38.0|2810.5|0|0 |0|0
20170203|shal|0|10000|0|-53.8|38.0|2767.5|0|0 |0|0
20170206|shal|0|10000|0|-53.78|36.0|2752.5|0|0 |0|0
20170207|shal|0|10000|0|-53.97|38.0|2725.5|0|0 |0|0
20170208|shal|0|10000|0|-53.75|39.0|2721.5|no result
20170123|shcu|0|4.946|2.471|7.53|8.0|4608.5|4|31.0176586343 |2|9.50882931716
20170124|shcu|0|4.808|2.409|7.22|10.0|4685.5|40|-499.786687299 |43|-373.770688847
20170125|shcu|0|10000|0|-102.97|15.0|4707.5|0|0 |0|0
20170126|shcu|0|10000|0|-102.01|15.0|4764.0|0|0 |0|0
20170203|shcu|0|10000|0|-100.77|16.0|4799.5|0|0 |0|0
20170206|shcu|0|10000|0|-99.73|17.0|4678.5|0|0 |0|0
20170207|shcu|0|10000|0|-97.39|17.0|4660.5|0|0 |0|0
20170208|shcu|0|10000|0|-96.28|17.0|4685.0|no result
20170123|shpb|0|4.416|2.007|14.38|4.0|3594.5|15|37.5573550377 |14|4.78686470185
20170124|shpb|0|4.713|2.048|16.86|4.0|3744.0|75|-1416.52996783 |56|-910.089042648
20170125|shpb|0|10000|0|-92.4|4.0|3716.5|0|0 |0|0
20170126|shpb|0|10000|0|-93.03|4.0|3751.0|0|0 |0|0
20170203|shpb|0|10000|0|-92.2|4.0|3803.5|0|0 |0|0
20170206|shpb|0|10000|0|-93.07|4.0|3698.5|0|0 |0|0
20170207|shpb|0|10000|0|-93.85|4.0|3737.0|0|0 |0|0
20170208|shpb|0|10000|0|-92.8|4.0|3764.5|no result
20170123|shzn|0|3.344|1.542|11.64|17.0|4428.0|14|106.653823645 |6|-150.719789866
20170124|shzn|0|2.31|1.481|8.15|18.0|4562.5|155|-3437.19321117 |145|-3829.6646169
20170125|shzn|0|10000|0|-96.35|16.0|4551.5|0|0 |0|0
20170126|shzn|0|10000|0|-96.15|17.0|4566.0|0|0 |0|0
20170203|shzn|0|10000|0|-95.92|17.0|4641.5|0|0 |0|0
20170206|shzn|0|10000|0|-95.6|17.0|4527.5|0|0 |0|0
20170207|shzn|0|10000|0|-94.76|18.0|4483.5|0|0 |0|0
20170208|shzn|0|10000|0|-95.2|19.0|4535.5|no result
20170123|shrb|0|10000|0|-150.57|46.0|3193.5|0|0 |0|0
20170124|shrb|0|10000|0|-149.61|45.0|3180.5|0|0 |0|0
20170125|shrb|0|10000|0|-126.15|46.0|3293.0|0|0 |0|0
20170126|shrb|0|10000|0|-125.1|46.0|3299.5|0|0 |0|0
20170203|shrb|0|10000|0|-124.52|45.0|3370.5|0|0 |0|0
20170206|shrb|0|10000|0|-116.61|44.0|3114.0|0|0 |0|0
20170207|shrb|0|10000|0|-116.24|44.0|3082.5|0|0 |0|0
20170208|shrb|0|10000|0|-116.26|44.0|3165.5|no result
20170123|shru|0|10000|0|-111.25|9.0|3952.5|0|0 |0|0
20170124|shru|0|10000|0|-111.54|9.0|3968.5|0|0 |0|0
20170125|shru|0|10000|0|-100.84|9.0|4047.5|0|0 |0|0
20170126|shru|0|10000|0|-100.12|9.0|4044.5|0|0 |0|0
20170203|shru|0|10000|0|-101.01|9.0|4295.5|0|0 |0|0
20170206|shru|0|10000|0|-100.78|9.0|4035.5|0|0 |0|0
20170207|shru|0|10000|0|-101.27|9.0|4016.5|0|0 |0|0
20170208|shru|0|4.582|3.215|4.61|8.0|4133.5|no result
20170123|shhc|0|7.802|2.56|10.48|7.0|3453.5|4|-12.551896401 |2|-5.77594820052
20170124|shhc|0|7.852|2.56|10.2|7.0|3460.5|61|-1229.14602621 |40|-934.669525384
20170125|shhc|0|10000|0|-122.99|10.0|3584.0|0|0 |0|0
20170126|shhc|0|10000|0|-122.17|10.0|3600.5|0|0 |0|0
20170203|shhc|0|10000|0|-121.37|10.0|3658.5|0|0 |0|0
20170206|shhc|0|10000|0|-119.9|10.0|3383.0|0|0 |0|0
20170207|shhc|0|10000|0|-120.26|10.0|3384.5|0|0 |0|0
20170208|shhc|0|10000|0|-120.61|10.0|3467.5|no result
20170123|shni|0|9.64|2.833|19.03|4.0|8177.0|8|35.3138829875 |8|-9.18611701249
20170124|shni|0|9.581|2.833|19.75|4.0|8274.5|34|2.43546274771 |22|35.1347111897
20170125|shni|0|10.092|3.705|12.06|4.0|8243.0|10|-16.6643832215 |6|88.2013700671
20170126|shni|0|9.942|3.612|12.1|4.0|8163.5|5|15.6559228557 |5|28.1559228557
20170203|shni|0|9.627|3.612|11.26|5.0|8253.0|10|18.7897814278 |15|90.4346721416
20170206|shni|0|9.837|3.612|11.66|5.0|8469.5|8|49.7543163895 |8|28.2543163895
20170207|shni|0|9.815|3.612|11.34|5.0|8616.5|4|10.6233036791 |5|11.6541295989
20170208|shni|0|9.838|4.607|10.32|5.0|8611.5|no result
